0400354520140924000000000000000000000000000000000000000000000000000000000000000000000000000000000000
514597771           526                 2014092902014092300000065000220140924PC2323   00000000000000
523509368           531                 2014092902014092300000030000220140924PC2630   00000000000000
523967809           518                 2014092802014092300000020000220140924PC1092   00000000000000
524922460           515                 2014092002014092300000055000220140924PC0832   00000000000000
524922776           528                 2014080802014092300000015000220140924PC2440   00000000000000
527442505           521                 2014092802014092300000026300220140924PC8421   00000000000000
528904060           507                 2014092502014092300000058000220140924PC4541   00000000000000
531917471           514                 2014091202014092300000038000220140924PC2002   00000000000000
9400354520140924000000800000000000030730000000000000000000000000000000000000000000000000000000000000
