0400354520161011000000000000000000000000000000000000000000000000000000000000000000000000000000000000
514587146           5351                2016100702016100700000101000220161011PC0835   00000000000000
520765537           5334                2016100702016100700000101000220161011PC1536   00000000000000
522982444           5293                2016100702016100700000101000220161011PC0005   00000000000000
524463155           5340                2016091602016100700000070000220161011PC0871   00000000000000
524734352           5332                2016100802016100700000044100220161011PC4792   00000000000000
527952370           5323                2016100702016100700000101000220161011PC2584   00000000000000
529829617           5366                2016100702016100700000101000220161011PC1355   00000000000000
537278141           5282                2016100702016100700000129000220161011PC0354   00000000000000
540242120           5353                2016100702016100700000129000220161011PC5351   00000000000000
9400354520161011000000900000000000087710000000000000000000000000000000000000000000000000000000000000
