0400354520151217000000000000000000000000000000000000000000000000000000000000000000000000000000000000
514857300           3093                2015122202015121600000028400220151217PC2309   00000000000000
518294515           3121                2015113002015121600000039000220151217PC5874   00000000000000
522175599           3116                2015111502015121600000120000220151217PC9015   00000000000000
523782249           3096                2015122202015121600000020000220151217PC1225   00000000000000
523833083           3122                2015122502015121600000070000220151217PC8006   00000000000000
524583563           3090                2015122202015121600000070000220151217PC2044   00000000000000
525348466           3052                2015121602015121600000020000220151217PC2509   00000000000000
525429984           3089                2015122102015121600000028400220151217PC5634   00000000000000
528297633           3123                2015122502015121600000055000220151217PC3182   00000000000000
529299433           3127                2015122502015121600000020000220151217PC2055   00000000000000
535033463           3107                2015122302015121600000021000220151217PC8520   00000000000000
536664663           3120                2015122502015121600000020000220151217PC5305   00000000000000
9400354520151217000001200000000000051180000000000000000000000000000000000000000000000000000000000000
