0400354520151223000000000000000000000000000000000000000000000000000000000000000000000000000000000000
516733493           3165                2015122902015122200000055000220151223PC0545   00000000000000
517732723           3134                2015122602015122200000020000220151223PC4472   00000000000000
521480975           3167                2015122602015122200000020000220151223PC3121   00000000000000
523833083           3162                2015122902015122200000055000220151223PC8778   00000000000000
528363453           3102                2015122202015122200000070000220151223PC1696   00000000000000
529426964           3119                2015122502015122200000028400220151223PC0659   00000000000000
529684004           3169                2015122902015122200000055000220151223PC4552   00000000000000
532404428           3180                2015123002015122200000028400220151223PC3600   00000000000000
532691234           3193                2015122602015122200000020000220151223PC7164   00000000000000
534058423           3141                2015122602015122200000028400220151223PC1645   00000000000000
539788463           3196                2015113002015122200000039000220151223PC3403   00000000000000
543199485           3189                2015122602015122200000020000220151223PC5601   00000000000000
543593822           3197                2015113002015122200000039000220151223PC4333   00000000000000
9400354520151223000001300000000000047820000000000000000000000000000000000000000000000000000000000000
