0400354520151020000000000000000000000000000000000000000000000000000000000000000000000000000000000000
523938015           2662                2015101102015101900000035700220151020PC9084   00000000000000
524159271           2656                2015100202015101700000094500220151020PC0333   00000000000000
527493244           2641                2015070702015101700000230000220151020PC4156   00000000000000
527535525           2638                2015102102015101700000020000220151020PC6540   00000000000000
529324941           2664                2015100202015101700000094500220151020PC3011   00000000000000
530990701           2657                2015083002015101700000092000220151020PC7092   00000000000000
531164617           2673                2015102702015101700000140000220151020PC3665   00000000000000
531164617           2674                2015102702015101700000096000220151020PC5054   00000000000000
9400354520151020000000800000000000080270000000000000000000000000000000000000000000000000000000000000
