0400354520160119000000000000000000000000000000000000000000000000000000000000000000000000000000000000
512501015           3492                2016010302016011600000031500220160119PC5261   00000000000000
520540871           3510                2015111502016011700000120000220160119PC1630   00000000000000
522278440           3514                2015111502016011600000120000220160119PC2031   00000000000000
524113778           3511                2015111502016011700000120000220160119PC5754   00000000000000
524117825           3513                2015111502016011600000120000220160119PC2337   00000000000000
525127944           3502                2016010302016011600000031500220160119PC9515   00000000000000
528293208           3512                2015111502016011600000120000220160119PC9921   00000000000000
528729421           3503                2016010302016011600000031500220160119PC9341   00000000000000
531975785           3517                2016010302016011600000031500220160119PC6153   00000000000000
532295648           3515                2016010302016011600000031500220160119PC2611   00000000000000
9400354520160119000001000000000000075750000000000000000000000000000000000000000000000000000000000000
