0400354520140814000000000000000000000000000000000000000000000000000000000000000000000000000000000000
517920859           128                 2014080302014081300000027200220140814PC7268   00000000000000
522661920           148                 2014091002014081300000038000220140814PC8563   00000000000000
523848218           127                 2014091002014081300000038000220140814PC3534   00000000000000
525107482           77                  2014080302014081300000027200220140814PC0525   00000000000000
525299528           68                  2014083002014081300000043500220140814PC5852   00000000000000
527860452           90                  2014083002014081300000043500220140814PC0648   00000000000000
530262828           94                  2014083002014081300000043500220140814PC0861   00000000000000
531958151           83                  2014080302014081300000027200220140814PC4562   00000000000000
532425272           134                 2014080302014081300000037700220140814PC3431   00000000000000
533811917           132                 2014083002014081300000043500220140814PC3282   00000000000000
9400354520140814000001000000000000036930000000000000000000000000000000000000000000000000000000000000
