0400354520161229000000000000000000000000000000000000000000000000000000000000000000000000000000000000
516130669           6129                2016111502016122800000075000220161229PC9756   00000000000000
518516804           6096                2016111502016122800000075000220161229PC6741   00000000000000
524095435           6168                2017010102016122800000072500220161229PC1345   00000000000000
524610221           6092                2017010102016122800000072500220161229PC7420   00000000000000
524734107           6150                2016123102016122800000031500220161229PC7146   00000000000000
527638401           6167                2016123102016122800000031500220161229PC1639   00000000000000
528908738           6147                2016111502016122800000075000220161229PC2429   00000000000000
530744609           6116                2017010102016122800000093000220161229PC3141   00000000000000
531070848           6087                2016111502016122800000075000220161229PC5381   00000000000000
533503905           6152                2016123102016122800000031500220161229PC2071   00000000000000
534730123           6137                2016113002016122800000052500220161229PC0328   00000000000000
9400354520161229000001100000000000068500000000000000000000000000000000000000000000000000000000000000
