0400354520170508000000000000000000000000000000000000000000000000000000000000000000000000000000000000
524539800           6880                2017050702017050500000175000220170508PC2817   00000000000000
527408755           6862                2017050702017050500000175000220170508PC3812   00000000000000
531034053           6868                2017050702017050500000175000220170508PC2885   00000000000000
531973860           6882                2017050702017050500000175000220170508PC7270   00000000000000
532370919           6885                2017042302017050500000032500220170508PC4350   00000000000000
534842095           6912                2017050702017050500000175000220170508PC0147   00000000000000
537040427           6866                2017050702017050500000175000220170508PC6715   00000000000000
537278141           6847                2017050702017050500000140000220170508PC0435   00000000000000
538150845           6930                2017050702017050500000175000220170508HB6459   00000000000000
541138125           6887                2017050702017050500000140000220170508PC3050   00000000000000
541321276           6919                2017050702017050500000175000220170508PC4057   00000000000000
9400354520170508000001100000000000171250000000000000000000000000000000000000000000000000000000000000
