0400354520140813000000000000000000000000000000000000000000000000000000000000000000000000000000000000
514518436           125                 2014072002014081200000045000220140813PC5862   00000000000000
516793366           124                 2014072002014081200000045000220140813PC5862   00000000000000
524142355           33                  2014083002014081200000043500220140813PC4216   00000000000000
524748957           111                 2014091002014081200000038000220140813PC2264   00000000000000
524748958           112                 2014091002014081200000038000220140813PC4342   00000000000000
525250075           116                 2014083002014081200000043500220140813PC3323   00000000000000
525967097           120                 2014083002014081200000043500220140813PC2875   00000000000000
546290277           131                 2014083002014081200000021000220140813PC5733   00000000000000
9400354520140813000000800000000000031750000000000000000000000000000000000000000000000000000000000000
