0400354520151229000000000000000000000000000000000000000000000000000000000000000000000000000000000000
514976094           3213                2015123102015122500000055000220151229PC0204   00000000000000
516973091           3199                2015122602015122500000020000220151229PC5544   00000000000000
520440657           3191                2015123102015122400000055000220151229PC0828   00000000000000
525716042           3200                2016010102015122400000028400220151229PC9656   00000000000000
525971882           3226                2015111502015122800000120000220151229PC3553   00000000000000
526497109           3195                2015122602015122600000020000220151229PC5310   00000000000000
526874059           3218                2015123102015122500000055000220151229PC6250   00000000000000
526933315           3217                2015123102015122600000055000220151229PC4305   00000000000000
529080448           3239                2016010302015122700000021000220151229PC0461   00000000000000
529859457           3238                2016010302015122800000028400220151229PC8912   00000000000000
530244735           3187                2015122602015122400000020000220151229PC3413   00000000000000
530396400           3237                2016010302015122800000028400220151229PC4863   00000000000000
530794615           3157                2015122702015122600000020000220151229PC5645   00000000000000
530868510           3220                2016010202015122800000070000220151229PC6358   00000000000000
531938118           3210                2015123102015122400000055000220151229PC7550   00000000000000
532944789           3230                2016010302015122800000028400220151229PC3972   00000000000000
533205833           3219                2015123102015122800000055000220151229PC1963   00000000000000
535225134           3234                2015113002015122600000039000220151229PC4182   00000000000000
536617289           3232                2016010302015122800000028400220151229PC2522   00000000000000
537035544           3148                2015122702015122700000070000220151229PC2118   00000000000000
9400354520151229000002000000000000087200000000000000000000000000000000000000000000000000000000000000
