0400354520160106000000000000000000000000000000000000000000000000000000000000000000000000000000000000
517717290           3376                2016010302016010500000031500220160106PC2435   00000000000000
520627643           3317                2016011002016010500000020000220160106PC2026   00000000000000
521909091           3347                2016010302016010500000031500220160106PC1532   00000000000000
527421404           3365                2016010302016010500000031500220160106PC6083   00000000000000
530296348           3360                2016010302016010500000031500220160106PC9658   00000000000000
531270950           3377                2016010302016010500000031500220160106PC9433   00000000000000
531987682           3352                2015123102016010500000089000220160106PC5552   00000000000000
533188743           3332                2016010302016010500000031500220160106PC4230   00000000000000
542044240           3366                2016010302016010500000024200220160106PC5035   00000000000000
9400354520160106000000900000000000032220000000000000000000000000000000000000000000000000000000000000
