0400354520160607000000000000000000000000000000000000000000000000000000000000000000000000000000000000
518418213           4314                2016061302016060400000034500220160607PC7284   00000000000000
533780374           4299                2016061502016060600000122000220160607PC5575   00000000000000
534800525           4307                2016060702016060500000115000220160607PC2315   00000000000000
534800525           4308                2016061502016060500000122000220160607PC2063   00000000000000
537204552           4316                2016061302016060400000034500220160607PC0000   00000000000000
537248767           4301                2016060702016060600000097000220160607PC0435   00000000000000
538305442           4335                2016060702016060500000115000220160607PC5605   00000000000000
540261905           4326                2016061502016060500000122000220160607PC9352   00000000000000
540638254           4296                2016060702016060600000115000220160607PC9525   00000000000000
540638254           4297                2016061502016060600000122000220160607PC6524   00000000000000
541138125           4325                2016060702016060400000115000220160607PC0560   00000000000000
9400354520160607000001100000000000111400000000000000000000000000000000000000000000000000000000000000
