0400354520150114000000000000000000000000000000000000000000000000000000000000000000000000000000000000
514569641           1473                2015012002015011300000110000220150114PC1173   00000000000000
518484561           1484                2015012102015011300000110000220150114PC5286   00000000000000
520365060           1493                2015012202015011300000110000220150114PC7584   00000000000000
520610637           1452                2015010102015011300000026200220150114PC4854   00000000000000
520673841           1495                2015012202015011300000110000220150114PC9332   00000000000000
522315474           1451                2015010102015011300000026200220150114PC4201   00000000000000
524515512           1483                2015012102015011300000110000220150114PC9312   00000000000000
528016203           1496                2015010102015011300000026200220150114PC8073   00000000000000
529951550           1500                2015012302015011300000032000220150114PC3153   00000000000000
530314595           1469                2015010102015011300000026200220150114PC3557   00000000000000
531164617           1475                2015012102015011300000110000220150114PC1473   00000000000000
536625747           1479                2015011402015011300000020000220150114PC1347   00000000000000
9400354520150114000001200000000000081680000000000000000000000000000000000000000000000000000000000000
