0400354520141003000000000000000000000000000000000000000000000000000000000000000000000000000000000000
512255311           623                 2014100302014100200000058000220141003PC0269   00000000000000
516988800           601                 2014100302014100200000058000220141003PC7381   00000000000000
518348050           616                 2014100302014100200000058000220141003PC4024   00000000000000
518564386           617                 2014100302014100200000058000220141003PC4867   00000000000000
518588343           593                 2014093002014100200000070000220141003PC0349   00000000000000
520680147           635                 2014100302014100200000058000220141003PC0332   00000000000000
520752382           621                 2014101202014100200000015800220141003PC7030   00000000000000
521434501           608                 2014100302014100200000058000220141003PC3535   00000000000000
522182052           594                 2014093002014100200000070000220141003PC4541   00000000000000
523859513           612                 2014100302014100200000058000220141003PC0461   00000000000000
526236624           613                 2014100302014100200000058000220141003PC2028   00000000000000
529427508           599                 2014093002014100200000030000220141003PC4771   00000000000000
9400354520141003000001200000000000064980000000000000000000000000000000000000000000000000000000000000
