0400354520150902000000000000000000000000000000000000000000000000000000000000000000000000000000000000
514508935           2261                2015083002015090100000072000220150902PC6554   00000000000000
520349968           2243                2015090702015090100000079500220150902PC8370   00000000000000
521715404           2269                2015070702015090100000080000220150902PC4857   00000000000000
523256065           2260                2015083002015090100000072000220150902PC3714   00000000000000
526098730           2170                2015090102015090100000090000220150902PC2295   00000000000000
535957911           2213                2015070702015090100000080000220150902PC5044   00000000000000
536260613           2262                2015083002015090100000112000220150902PC6653   00000000000000
592311092           2250                2015090802015090100000079500220150902PC1180   00000000000000
9400354520150902000000800000000000066500000000000000000000000000000000000000000000000000000000000000
