0400354520150102000000000000000000000000000000000000000000000000000000000000000000000000000000000000
512102159           1385                2014113002014123000000030000220150102PC9005   00000000000000
514976094           1349                2015010302014123000000055000220150102PC4223   00000000000000
514976094           1379                2014123102014123000000059000220150102PC4353   00000000000000
528293957           1301                2014123002014123000000023100220150102PC3213   00000000000000
528807743           1394                2014123102014123000000059000220150102PC3121   00000000000000
532017210           1362                2015010102014123000000023100220150102PC0164   00000000000000
532969641           1397                2014123102014123000000059000220150102PC4234   00000000000000
537239895           1324                2015010102014123000000023100220150102PC0607   00000000000000
9400354520150102000000800000000000033130000000000000000000000000000000000000000000000000000000000000
