0400354520151015000000000000000000000000000000000000000000000000000000000000000000000000000000000000
517138617           2637                2015101102015101400000035700220151015PC9623   00000000000000
521504213           2627                2015101902015101400000120000220151015PC5680   00000000000000
523967809           2629                2015102002015101400000020000220151015PC2091   00000000000000
524424297           2639                2015083002015101400000079000220151015PC3028   00000000000000
527180990           2636                2015083002015101400000116000220151015PC1410   00000000000000
530421257           2628                2015101102015101400000035700220151015PC5422   00000000000000
531201162           2631                2015100202015101400000094500220151015PC9451   00000000000000
532693844           2618                2015083002015101400000116000220151015PC1323   00000000000000
9400354520151015000000800000000000061690000000000000000000000000000000000000000000000000000000000000
