0400354520151110000000000000000000000000000000000000000000000000000000000000000000000000000000000000
514051282           2804                2015110302015110900000035000220151110PC1385   00000000000000
520226257           2820                2015070702015110900000080000220151110PC7016   00000000000000
520455363           2773                2015070702015110600000080000220151110PC8664   00000000000000
520567711           2818                2015070702015110900000080000220151110PC6079   00000000000000
521923090           2787                2015103102015110800000022000220151110PC1525   00000000000000
521983276           2802                2015111402015110600000140000220151110PC3058   00000000000000
522944434           2837                2015111702015110900000140000220151110PC0770   00000000000000
523250252           2795                2015111402015110600000140000220151110PC5327   00000000000000
523779787           2836                2015111702015110900000140000220151110PC0770   00000000000000
524293816           2785                2015111302015110800000020000220151110PC6015   00000000000000
525765252           2786                2015111302015110800000020000220151110PC6015   00000000000000
526866994           2821                2015102102015110700000065000220151110PC6327   00000000000000
526933315           2784                2015111302015110600000140000220151110PC1800   00000000000000
528135175           2805                2015070702015110900000230000220151110PC6102   00000000000000
529546097           2774                2015102102015110600000065000220151110PC7214   00000000000000
531164617           2747                2015110702015110600000055000220151110PC4474   00000000000000
531681598           2798                2015070702015110600000230000220151110PC7794   00000000000000
533181776           2822                2015053102015110900000030000220151110PC1293   00000000000000
533443006           2811                2015070702015110700000080000220151110PC0320   00000000000000
534505406           2797                2015111402015110600000140000220151110PC7853   00000000000000
543633045           2814                2015102102015110600000065000220151110PC4272   00000000000000
9400354520151110000002100000000000199700000000000000000000000000000000000000000000000000000000000000
