0400354520150708000000000000000000000000000000000000000000000000000000000000000000000000000000000000
517943819           1917                2015070702015070700000190000220150708PC6338   00000000000000
520383150           1918                2015071302015070700000021000220150708PC9449   00000000000000
524251712           1922                2015071302015070700000044100220150708PC0175   00000000000000
525049624           1907                2015070702015070700000060000220150708PC2574   00000000000000
526169956           1897                2015070702015070700000190000220150708PC1345   00000000000000
528453953           1921                2015071302015070700000033600220150708PC0163   00000000000000
530832600           1916                2015070702015070700000060000220150708PC2556   00000000000000
532593789           1892                2015070702015070700000190000220150708PC3245   00000000000000
9400354520150708000000800000000000078870000000000000000000000000000000000000000000000000000000000000
