0400354520141031000000000000000000000000000000000000000000000000000000000000000000000000000000000000
514404958           962                 2014093002014103000000035000220141031PC2191   00000000000000
517673169           970                 2014093002014103000000070000220141031PC5545   00000000000000
520066830           959                 2014093002014103000000070000220141031PC2051   00000000000000
521545809           963                 2014110702014103000000200000220141031PC4096   00000000000000
521666130           873                 2014103102014103000000110000220141031PC7340   00000000000000
524748957           976                 2014103102014103000000039000220141031PC5625   00000000000000
525270212           974                 2014101902014103000000018800220141031PC9615   00000000000000
525400659           972                 2014110802014103000000200000220141031PC5414   00000000000000
528570024           973                 2014101902014103000000018800220141031PC5152   00000000000000
532969879           966                 2014103102014103000000039000220141031PC0625   00000000000000
9400354520141031000001000000000000080060000000000000000000000000000000000000000000000000000000000000
