0400354520141001000000000000000000000000000000000000000000000000000000000000000000000000000000000000
516876845           558                 2014093002014093000000035000220141001PC2267   00000000000000
518319077           592                 2014100302014093000000058000220141001PC9748   00000000000000
520416964           576                 2014083002014093000000054000220141001PC2756   00000000000000
523125879           559                 2014093002014093000000035000220141001PC2267   00000000000000
524291182           553                 2014093002014093000000035000220141001PC0052   00000000000000
526171136           79                  2014083002014093000000054000220141001PC4524   00000000000000
528640336           573                 2014083002014093000000054000220141001PC5934   00000000000000
531477512           572                 2014083002014093000000054000220141001PC5898   00000000000000
533211406           568                 2014083002014093000000054000220141001PC6414   00000000000000
9400354520141001000000900000000000043300000000000000000000000000000000000000000000000000000000000000
