0400354520161223000000000000000000000000000000000000000000000000000000000000000000000000000000000000
518257040           6054                2016111502016122200000075000220161223PC0945   00000000000000
520502863           6059                2017010102016122200000072500220161223PC0542   00000000000000
520502863           6061                2016123102016122200000080000220161223PC3533   00000000000000
521459177           6008                2016122602016122200000031500220161223PC5016   00000000000000
523199865           6053                2016123102016122200000093000220161223PC4815   00000000000000
523470395           6040                2016123002016122200000031500220161223PC4029   00000000000000
525178798           6045                2016123102016122200000031500220161223PC0149   00000000000000
531185415           6023                2016122702016122200000031500220161223PC1345   00000000000000
531460386           6030                2016122802016122200000093000220161223PC2657   00000000000000
532237102           6035                2016113002016122200000052500220161223PC6126   00000000000000
537278141           5984                2016120702016122200000158000220161223PC1180   00000000000000
9400354520161223000001100000000000075000000000000000000000000000000000000000000000000000000000000000
