0400354520161227000000000000000000000000000000000000000000000000000000000000000000000000000000000000
516273076           6006                2016122602016122600000093000220161227PC8670   00000000000000
520976193           6073                2016111502016122400000055000220161227PC9341   00000000000000
521484672           6074                2016111502016122400000055000220161227PC1520   00000000000000
526113870           6037                2016113002016122600000052500220161227PC2310   00000000000000
526632383           6022                2016122702016122600000093000220161227PC5725   00000000000000
530229260           6084                2017010102016122600000072500220161227PC1417   00000000000000
531293020           6072                2016111502016122600000075000220161227PC0508   00000000000000
531512316           6090                2016120802016122400000070000220161227PC3251   00000000000000
533507101           6065                2016113002016122600000052500220161227PC5537   00000000000000
533780374           6078                2017010702016122400000140000220161227PC7360   00000000000000
9400354520161227000001000000000000075850000000000000000000000000000000000000000000000000000000000000
