0400354520150901000000000000000000000000000000000000000000000000000000000000000000000000000000000000
517781536           2236                2015090602015083100000079500220150901PC5203   00000000000000
522160632           2171                2015090102015083100000050000220150901PC8454   00000000000000
522368729           2234                2015083002015082900000057000220150901PC4412   00000000000000
522891776           2172                2015090102015083100000050000220150901PC8454   00000000000000
526165452           2237                2015090702015083100000079500220150901PC5262   00000000000000
527000113           2182                2015083002015082900000075000220150901PC1535   00000000000000
541614697           2235                2015083002015082900000057000220150901PC1425   00000000000000
592488396           2181                2015083002015082900000057000220150901PC5237   00000000000000
9400354520150901000000800000000000050500000000000000000000000000000000000000000000000000000000000000
