0400354520151105000000000000000000000000000000000000000000000000000000000000000000000000000000000000
517173690           2775                2015070702015110400000230000220151105PC3215   00000000000000
520440657           2772                2015070702015110400000080000220151105PC1502   00000000000000
521003066           2783                2015111302015110400000140000220151105PC5705   00000000000000
524717640           2788                2015111302015110400000140000220151105PC3289   00000000000000
524748957           2781                2015102102015110400000065000220151105PC3353   00000000000000
524748958           2780                2015102102015110400000065000220151105PC3353   00000000000000
528471759           2755                2015110802015110400000020000220151105PC1340   00000000000000
528935894           2737                2015110502015110400000140000220151105PC5622   00000000000000
9400354520151105000000800000000000088000000000000000000000000000000000000000000000000000000000000000
