0400354520161213000000000000000000000000000000000000000000000000000000000000000000000000000000000000
523208542           5884                2016120802016120800000058000220161213PC5223   00000000000000
525250493           5879                2016121702016120900000031500220161213PC6644   00000000000000
525569267           5816                2016121302016121200000031500220161213PC9519   00000000000000
528102959           5817                2016121302016121200000031500220161213PC0355   00000000000000
528293656           5812                2016121202016120900000031500220161213PC0455   00000000000000
531151619           5813                2016121202016120900000031500220161213PC8220   00000000000000
531638847           5885                2016121702016120800000031500220161213PC8512   00000000000000
532584917           5852                2016113002016120800000052500220161213PC0309   00000000000000
540638254           5862                2016121402016120900000265000220161213PC4662   00000000000000
540638254           5863                2016120702016120900000149500220161213PC1111   00000000000000
9400354520161213000001000000000000071400000000000000000000000000000000000000000000000000000000000000
