0400354520161226000000000000000000000000000000000000000000000000000000000000000000000000000000000000
513807475           6064                2017010102016122300000093000220161226PC9142   00000000000000
516582193           6070                2016113002016122300000052500220161226HB1439   00000000000000
517974955           6055                2016111502016122300000055000220161226PC5845   00000000000000
520021393           6062                2016111502016122300000075000220161226PC7581   00000000000000
521780815           6039                2016111502016122300000075000220161226PC6486   00000000000000
521836329           6089                2017010102016122300000093000220161226PC7375   00000000000000
522644186           6058                2016111502016122300000075000220161226PC1114   00000000000000
524104186           6033                2016122902016122300000072500220161226PC4321   00000000000000
524296862           6060                2016111502016122300000075000220161226PC8341   00000000000000
527440873           5997                2016122602016122300000025200220161226PC3474   00000000000000
530830292           6088                2016120802016122300000048000220161226PC4280   00000000000000
532605772           6066                2016120802016122300000048000220161226PC7543   00000000000000
9400354520161226000001200000000000078720000000000000000000000000000000000000000000000000000000000000
