0400354520160105000000000000000000000000000000000000000000000000000000000000000000000000000000000000
511959763           3288                2015111502016010400000120000220160105PC1767   00000000000000
513053326           3273                2015113002016010200000045000220160105PC2392   00000000000000
514884928           3300                2016010302016010200000028400220160105PC5818   00000000000000
517173690           3301                2016010202015123100000070000220160105PC4453   00000000000000
517412659           3306                2016010302016010100000021000220160105PC7468   00000000000000
520273608           3302                2015111502016010200000120000220160105PC4090   00000000000000
520410281           3290                2015111502015123100000120000220160105PC0523   00000000000000
520502863           3282                2016010202015123100000055000220160105PC0128   00000000000000
523471630           3209                2015123102015123100000055000220160105PC1146   00000000000000
523971948           3294                2016010302015123100000028400220160105PC3354   00000000000000
525027621           3289                2015113002015123100000039000220160105PC5523   00000000000000
529319603           3298                2015123102015123100000055000220160105PC0053   00000000000000
529319603           3307                2016010202015123100000070000220160105PC1613   00000000000000
530289152           3250                2016010202015123100000070000220160105PC5317   00000000000000
531018031           3285                2016010302016010200000021000220160105PC0559   00000000000000
531638369           3257                2016010302015123100000028400220160105PC1043   00000000000000
9400354520160105000001600000000000094620000000000000000000000000000000000000000000000000000000000000
