0400354520150714000000000000000000000000000000000000000000000000000000000000000000000000000000000000
516247042           1983                2015071602015071300000046000220150714PC2257   00000000000000
522944170           1924                2015071302015071300000021000220150714PC7240   00000000000000
523845806           1913                2015071302015071200000021000220150714PC7240   00000000000000
527940532           1957                2015071602015071300000046000220150714S19727CAP00000000000000
528421518           1979                2015071602015071300000046000220150714PC3642   00000000000000
529298883           1981                2015071602015071300000046000220150714PC2725   00000000000000
529951550           1949                2015071602015071300000046000220150714PC7980   00000000000000
594880269           1941                2015071602015071300000046000220150714PC5392   00000000000000
594887748           1950                2015071602015071300000046000220150714PC4109   00000000000000
595247399           1935                2015070702015071100000210000220150714PC0025   00000000000000
9400354520150714000001000000000000057400000000000000000000000000000000000000000000000000000000000000
