0400354520140923000000000000000000000000000000000000000000000000000000000000000000000000000000000000
511848670           513                 2014083002014092100000027000220140923PC1057   00000000000000
512976275           474                 2014092202014092000000058000220140923PC2411   00000000000000
514012254           473                 2014092202014092000000058000220140923PC4638   00000000000000
514013921           480                 2014092202014092000000020000220140923PC1062   00000000000000
514805645           510                 2014092502014092200000058000220140923PC0792   00000000000000
517864112           461                 2014091002014092100000045000220140923PC4044   00000000000000
523771586           506                 2014091202014092200000038000220140923PC7168   00000000000000
530490636           511                 2014092602014092000000058000220140923PC4256   00000000000000
9400354520140923000000800000000000036200000000000000000000000000000000000000000000000000000000000000
