0400354520160104000000000000000000000000000000000000000000000000000000000000000000000000000000000000
521504213           3292                2015123102015123000000055000220160104PC5242   00000000000000
522668097           3231                2015123102015123000000055000220160104PC4851   00000000000000
523146560           3286                2015111502015123000000120000220160104PC9006   00000000000000
523146560           3287                2015123102015123000000055000220160104PC1290   00000000000000
526117352           3274                2015123102015123000000055000220160104PC6103   00000000000000
532734851           3267                2015113002015123000000039000220160104PC4207   00000000000000
532952207           3229                2015113002015123000000039000220160104PC3808   00000000000000
534600538           3283                2016010202015123000000070000220160104PC0481   00000000000000
9400354520160104000000800000000000048800000000000000000000000000000000000000000000000000000000000000
