0400354520150119000000000000000000000000000000000000000000000000000000000000000000000000000000000000
511991729           1526                2015012402015011600000110000220150119PC2679   00000000000000
521802465           1535                2015010102015011600000026200220150119PC4649   00000000000000
522443116           1540                2015010102015011600000026200220150119PC4127   00000000000000
524772304           1532                2015012502015011600000110000220150119PC3263   00000000000000
528297633           1531                2015012502015011600000110000220150119PC4003   00000000000000
529859457           1548                2015010102015011600000026200220150119PC6003   00000000000000
531477580           1543                2015012502015011600000032000220150119PC3861   00000000000000
533102542           1521                2015010102015011600000026200220150119PC2938   00000000000000
533912067           1529                2015010102015011600000026200220150119PC1052   00000000000000
9400354520150119000000900000000000049300000000000000000000000000000000000000000000000000000000000000
