0400354520160805000000000000000000000000000000000000000000000000000000000000000000000000000000000000
514319206           4788                2016080702016080400000044100220160805PC6453   00000000000000
531566876           4752                2016080702016080400000027300220160805PC2369   00000000000000
531638847           4781                2016080702016080400000057700220160805PC9949   00000000000000
531773191           4792                2016073102016080400000039000220160805PC3691   00000000000000
533912759           4790                2016080702016080400000044100220160805PC6012   00000000000000
537035658           4755                2016080702016080400000115000220160805PC2372   00000000000000
538305442           4772                2016080702016080400000115000220160805PC0572   00000000000000
538305442           4773                2016081502016080400000122000220160805PC8424   00000000000000
9400354520160805000000800000000000056420000000000000000000000000000000000000000000000000000000000000
