0400354520140826000000000000000000000000000000000000000000000000000000000000000000000000000000000000
511386857           220                 2014082802014082300000079000220140826PC4522   00000000000000
516055270           222                 2014082802014082300000080000220140826PC3725   00000000000000
517233690           224                 2014082802014082500000080000220140826PC2553   00000000000000
522582093           217                 2014082802014082400000079000220140826PC2020   00000000000000
523147400           211                 2014082702014082400000058000220140826PC4024   00000000000000
523833083           203                 2014082602014082500000043500220140826PC2764   00000000000000
527088353           208                 2014082702014082500000043500220140826PC1313   00000000000000
529948634           215                 2014082702014082300000058000220140826PC2340   00000000000000
530291744           231                 2014082902014082300000043500220140826PC0020   00000000000000
531045592           159                 2014083002014082500000057500220140826PC5255   00000000000000
532983181           214                 2014082702014082500000043500220140826PC5920   00000000000000
9400354520140826000001100000000000066550000000000000000000000000000000000000000000000000000000000000
