0400354520141020000000000000000000000000000000000000000000000000000000000000000000000000000000000000
516209028           816                 2014102602014101700000015000220141020PC9258   00000000000000
517199050           797                 2014102602014101700000015000220141020PC7029   00000000000000
517759731           755                 2014093002014101700000027000220141020PC7277   00000000000000
525452478           738                 2014102102014101700000200000220141020PC3651   00000000000000
527000113           786                 2014083002014101700000070000220141020PC5600   00000000000000
527056878           826                 2014102602014101700000015000220141020PC5556   00000000000000
527225796           730                 2014102102014101700000200000220141020PC2735   00000000000000
528729421           804                 2014101902014101700000037000220141020PC0535   00000000000000
530038218           814                 2014100302014101700000068000220141020PC4600   00000000000000
530040559           750                 2014100302014101700000068000220141020PC4329   00000000000000
9400354520141020000001000000000000071500000000000000000000000000000000000000000000000000000000000000
