0400354520170111000000000000000000000000000000000000000000000000000000000000000000000000000000000000
514442352           6304                2016123102017011000000100000220170111PC2344   00000000000000
524270905           6280                2016123102017011000000029400220170111PC5948   00000000000000
524567969           6314                2016123102017011000000037800220170111PC0441   00000000000000
525771697           6321                2016123102017011000000037800220170111PC0853   00000000000000
526419186           6320                2016123102017011000000037800220170111PC3201   00000000000000
531554423           6322                2016123102017011000000090000220170111PC5408   00000000000000
532465142           6305                2016123102017011000000037800220170111PC7658   00000000000000
533768388           6287                2016123102017011000000029400220170111PC3020   00000000000000
9400354520170111000000800000000000040000000000000000000000000000000000000000000000000000000000000000
