0400354520161214000000000000000000000000000000000000000000000000000000000000000000000000000000000000
527417424           5915                2016122002016121300000031500220161214S15185BAS00000000000000
529543665           5894                2016121802016121300000031500220161214PC0099   00000000000000
529686698           5930                2016111502016121300000065000220161214PC3475   00000000000000
531297661           5917                2016122002016121300000093000220161214PC5114   00000000000000
531339496           5914                2016111502016121300000065000220161214PC1821   00000000000000
531773229           5929                2016111502016121300000065000220161214PC0115   00000000000000
533780374           5797                2016121402016121300000265000220161214PC7743   00000000000000
536736417           5888                2016111502016121300000065000220161214PC5139   00000000000000
539911473           5895                2016120702016121300000149500220161214PC4235   00000000000000
9400354520161214000000900000000000083050000000000000000000000000000000000000000000000000000000000000
