0400354520160118000000000000000000000000000000000000000000000000000000000000000000000000000000000000
523402799           3482                2016012302016011500000025000220160118PC1170   00000000000000
523706624           3481                2015111502016011500000120000220160118PC0409   00000000000000
528297633           3485                2015111502016011500000120000220160118PC5442   00000000000000
529733047           3402                2016011602016011500000020000220160118PC7823   00000000000000
530088782           3487                2016010302016011500000031500220160118PC4748   00000000000000
530224227           3488                2016010302016011500000024200220160118PC5505   00000000000000
532983553           3446                2016010302016011500000031500220160118PC1671   00000000000000
533330849           3471                2015123102016011500000089000220160118PC3424   00000000000000
542143062           3486                2016010302016011500000031500220160118PC5348   00000000000000
9400354520160118000000900000000000049270000000000000000000000000000000000000000000000000000000000000
