0400354520140915000000000000000000000000000000000000000000000000000000000000000000000000000000000000
514067330           420                 2014091602014091200000058000220140915PC0160   00000000000000
517781536           423                 2014091602014091200000058000220140915PC1450   00000000000000
523490923           390                 2014091302014091200000058000220140915PC2193   00000000000000
523678517           397                 2014091302014091200000058000220140915PC0511   00000000000000
523923684           426                 2014091602014091200000080000220140915PC2982   00000000000000
525605844           434                 2014091202014091200000032000220140915PC9816   00000000000000
528196801           406                 2014083002014091200000079000220140915PC6624   00000000000000
530600180           416                 2014091602014091200000058000220140915PC0532   00000000000000
9400354520140915000000800000000000048100000000000000000000000000000000000000000000000000000000000000
