0400354520160803000000000000000000000000000000000000000000000000000000000000000000000000000000000000
525021787           4743                2016073002016080200000030000220160803PC0401   00000000000000
530421257           4746                2016080702016080200000044100220160803PC0371   00000000000000
533780374           4735                2016080702016080200000115000220160803PC0054   00000000000000
533780374           4736                2016081502016080200000122000220160803PC0525   00000000000000
540638254           4750                2016080702016080200000115000220160803PC9871   00000000000000
540638254           4751                2016081502016080200000122000220160803PC0547   00000000000000
541138125           4730                2016080702016080200000115000220160803PC2031   00000000000000
541138125           4731                2016081502016080200000122000220160803PC8493   00000000000000
592969080           4737                2016080702016080200000115000220160803PC4733   00000000000000
592969080           4738                2016081502016080200000122000220160803PC8265   00000000000000
9400354520160803000001000000000000102210000000000000000000000000000000000000000000000000000000000000
