0400354520160705000000000000000000000000000000000000000000000000000000000000000000000000000000000000
520005451           4526                2016070402016070400000060000220160705PC0421   00000000000000
528822579           4504                2016070602016070200000057700220160705PC2169   00000000000000
532845377           4494                2016070302016070200000060000220160705PC7704   00000000000000
538305442           4547                2016070702016070400000115000220160705PC5993   00000000000000
538305442           4548                2016071502016070400000122000220160705PC1440   00000000000000
539911473           4525                2016070702016070200000115000220160705PC1393   00000000000000
540638254           4531                2016071502016070200000122000220160705PC2260   00000000000000
540638254           4532                2016070702016070200000115000220160705PC1082   00000000000000
9400354520160705000000800000000000076670000000000000000000000000000000000000000000000000000000000000
