0400354520140903000000000000000000000000000000000000000000000000000000000000000000000000000000000000
518483011           261                 2014090202014090200000080000220140903PC5418   00000000000000
520468838           305                 2014083002014090200000066000220140903PC2599   00000000000000
521474363           314                 2014080802014090200000015000220140903PC0390   00000000000000
522645187           317                 2014090602014090200000058000220140903PC1700   00000000000000
523884768           277                 2014090402014090200000038000220140903PC3296   00000000000000
526695330           316                 2014090602014090200000058000220140903PC5136   00000000000000
526742839           319                 2014090702014090200000060000220140903PC6411   00000000000000
531879733           285                 2014083002014090200000054000220140903PC1362   00000000000000
9400354520140903000000800000000000042900000000000000000000000000000000000000000000000000000000000000
