0400354520151221000000000000000000000000000000000000000000000000000000000000000000000000000000000000
521780815           3154                2015122702015121800000020000220151221PC4510   00000000000000
523334654           3099                2015122202015121800000028400220151221PC6491   00000000000000
523938015           3081                2015122102015121800000028400220151221PC9513   00000000000000
526113870           3091                2015113002015121800000039000220151221PC0324   00000000000000
527379704           3080                2015122102015121800000021000220151221PC4054   00000000000000
528066657           3079                2015122102015121800000028400220151221PC9325   00000000000000
532482376           3149                2015122702015121800000028400220151221PC0358   00000000000000
534092720           3086                2015122102015121800000028400220151221PC4875   00000000000000
9400354520151221000000800000000000022200000000000000000000000000000000000000000000000000000000000000
