0400354520161013000000000000000000000000000000000000000000000000000000000000000000000000000000000000
522904792           5376                2016100702016101200000116500220161013PC1225   00000000000000
524734107           5369                2016100802016101200000048300220161013PC7255   00000000000000
525058465           5384                2016093002016101200000048000220161013PC7822   00000000000000
525061783           5349                2016100702016101200000116500220161013PC8049   00000000000000
527230211           5397                2016100802016101200000048300220161013PC0528   00000000000000
530035418           5389                2016100702016101200000116500220161013PC0132   00000000000000
531681598           5399                2016091602016101200000070000220161013PC2410   00000000000000
533115210           5407                2016093002016101200000048000220161013PC0323   00000000000000
9400354520161013000000800000000000061210000000000000000000000000000000000000000000000000000000000000
