0400354520150120000000000000000000000000000000000000000000000000000000000000000000000000000000000000
511749398           1544                2015010102015011800000026200220150120PC4310   00000000000000
516557151           1545                2015012502015011700000020000220150120PC6441   00000000000000
522884740           1552                2015011402015011700000025000220150120PC0184   00000000000000
523304890           1558                2015011402015011700000025000220150120PC4144   00000000000000
525420675           1549                2014123102015011700000069000220150120PC1214   00000000000000
525784477           1486                2015010102015011700000026200220150120PC3281   00000000000000
526390457           1550                2015012602015011900000110000220150120PC1520   00000000000000
526781639           1502                2015012302015011900000110000220150120PC9842   00000000000000
9400354520150120000000800000000000041140000000000000000000000000000000000000000000000000000000000000
