0400354520141219000000000000000000000000000000000000000000000000000000000000000000000000000000000000
516269585           1274                2014122702014121800000020000220141219PC9912   00000000000000
520410025           1194                2014121002014121800000050000220141219PC1348   00000000000000
526269478           1239                2014122602014121800000023100220141219PC4966   00000000000000
526588278           1247                2014093002014121800000035000220141219PC3896   00000000000000
527957716           1257                2014122702014121800000023100220141219PC0145   00000000000000
528117230           1243                2014093002014121800000035000220141219PC3490   00000000000000
530196310           1258                2014122702014121800000023100220141219PC9436   00000000000000
530861862           1213                2014103002014121800000020000220141219PC8115   00000000000000
531559584           1255                2014093002014121800000035000220141219PC4327   00000000000000
533207485           1207                2014103002014121800000020000220141219PC2664   00000000000000
533646231           1260                2014122702014121800000023100220141219PC3235   00000000000000
9400354520141219000001100000000000030740000000000000000000000000000000000000000000000000000000000000
