0400354520150713000000000000000000000000000000000000000000000000000000000000000000000000000000000000
512226630           1962                2015071602015071000000046000220150713PC5111   00000000000000
514051282           1937                2015071602015070900000046000220150713PC1291   00000000000000
516976743           1958                2015071602015071000000046000220150713PC9024   00000000000000
523936784           1939                2015071602015071000000046000220150713PC4668   00000000000000
525193198           1944                2015071602015070900000046000220150713PC1355   00000000000000
528986275           1948                2015071602015071000000046000220150713PC1062   00000000000000
536260613           1961                2015071602015071000000046000220150713PC5111   00000000000000
540397051           1946                2015071602015071000000046000220150713PC5040   00000000000000
592880506           1931                2015070702015071000000210000220150713PC2803   00000000000000
9400354520150713000000900000000000057800000000000000000000000000000000000000000000000000000000000000
