0400354520141007000000000000000000000000000000000000000000000000000000000000000000000000000000000000
520329634           619                 2014093002014100600000040000220141007PC4683   00000000000000
522303330           587                 2014083002014100600000086000220141007PC7111   00000000000000
523120511           643                 2014100302014100400000068000220141007PC2142   00000000000000
524754244           646                 2014100302014100500000068000220141007PC0063   00000000000000
527119756           641                 2014100302014100600000068000220141007PC7110   00000000000000
527452418           647                 2014100302014100600000068000220141007PC8874   00000000000000
531958151           569                 2014100802014100600000026300220141007PC9372   00000000000000
532462308           649                 2014100302014100600000068000220141007PC1354   00000000000000
536823972           645                 2014100302014100400000068000220141007PC7111   00000000000000
537677372           585                 2014083002014100500000066000220141007PC5474   00000000000000
9400354520141007000001000000000000062630000000000000000000000000000000000000000000000000000000000000
