0400354520141016000000000000000000000000000000000000000000000000000000000000000000000000000000000000
513053326           769                 2014100302014101500000068000220141016PC3591   00000000000000
517023973           771                 2014102402014101500000200000220141016PC5428   00000000000000
520248772           766                 2014102402014101500000200000220141016PC3102   00000000000000
522582093           742                 2014102102014101500000200000220141016PC1230   00000000000000
522933968           774                 2014100302014101500000068000220141016PC9452   00000000000000
523146560           770                 2014093002014101500000075000220141016PC3661   00000000000000
525097818           722                 2014102002014101500000200000220141016PC1555   00000000000000
527511939           736                 2014102102014101500000200000220141016PC9525   00000000000000
528670985           711                 2014100302014101500000068000220141016PC3044   00000000000000
535216456           715                 2014083002014101500000060000220141016PC9414   00000000000000
536592736           762                 2014083002014101500000060000220141016PC6403   00000000000000
538152113           744                 2014083002014101500000089000220141016PC4050   00000000000000
9400354520141016000001200000000000148800000000000000000000000000000000000000000000000000000000000000
