0400354520150210000000000000000000000000000000000000000000000000000000000000000000000000000000000000
512154727           1697                2015021002015020700000110000220150210PC8325   00000000000000
516055270           1755                2015021602015020900000110000220150210PC4791   00000000000000
516137487           1757                2015021702015020700000110000220150210PC1803   00000000000000
517023973           1671                2015020902015020700000110000220150210PC1087   00000000000000
522032384           1737                2015021502015020900000110000220150210PC2518   00000000000000
522944434           1753                2015021602015020800000110000220150210PC2834   00000000000000
523570043           1736                2015021502015020900000110000220150210PC0453   00000000000000
526608956           1726                2015021402015020900000110000220150210PC3340   00000000000000
527180990           1730                2014123102015020700000079000220150210PC4369   00000000000000
529825623           1727                2015012802015020800000036000220150210PC3182   00000000000000
9400354520150210000001000000000000099500000000000000000000000000000000000000000000000000000000000000
