0400354520150702000000000000000000000000000000000000000000000000000000000000000000000000000000000000000000000000000000000000000000000000000000000000000000000000000000000000000000000000000000000000000000000000000000000000000000000000000000000000000000000000000000000000000000000000
531456487           1890                0201507070000019000020150712000002100002015071200000210000000000000000000000031456487           PINARMAN 2015                           INSONLINE      35453145648700000189000000190000201507070000021000020150712400000000000000000000000000000
531425756           1891                0201507070000006000020150712000000700002015071200000070000000000000000000000031425756           PINARMAN 2015                           INSONLINE      35453142575600000189100000060000201507070000007000020150712400000000000000000000000000000
532593789           1892                0201507070000019000020150712000002100002015071200000210000000000000000000000032593789           PINARMAN 2015                           INSONLINE      35453259378900000189200000190000201507070000021000020150712400000000000000000000000000000
522278440           1893                0201507070000006000020150712000000700002015071200000070000000000000000000000022278440           PINARMAN 2015                           INSONLINE      35452227844000000189300000060000201507070000007000020150712400000000000000000000000000000
533087514           1894                0201507070000006000020150712000000700002015071200000070000000000000000000000033087514           PINARMAN 2015                           INSONLINE      35453308751400000189400000060000201507070000007000020150712900000000000000000000000000000
529152976           1895                0201507070000006000020150712000000700002015071200000070000000000000000000000029152976           PINARMAN 2015                           INSONLINE      35452915297600000189500000060000201507070000007000020150712400000000000000000000000000000
528484082           1896                0201507120000004410020150712000000441002015071200000044100000000000000000000028484082           15K OPEN SPORTS                         INSONLINE      35452848408200000189600000044100201507120000004410020150712700000000000000000000000000000
526169956           1897                0201507070000019000020150712000002100002015071200000210000000000000000000000026169956           PINARMAN 2015                           INSONLINE      35452616995600000189700000190000201507070000021000020150712500000000000000000000000000000
534505406           1898                0201507070000006000020150712000000700002015071200000070000000000000000000000034505406           PINARMAN 2015                           INSONLINE      35453450540600000189800000060000201507070000007000020150712700000000000000000000000000000
523643699           1900                0201507070000006000020150712000000700002015071200000070000000000000000000000023643699           PINARMAN 2015                           INSONLINE      35452364369900000190000000060000201507070000007000020150712800000000000000000000000000000
529319603           1901                0201507070000006000020150713000000700002015071300000070000000000000000000000029319603           PINARMAN 2015                           INSONLINE      35452931960300000190100000060000201507070000007000020150713300000000000000000000000000000
9400354520150702000001100000000000103410000000000000000000000000000000000000000000000000000000000000000000000000000000000000000000000000000000000000000000000000000000000000000000000000000000000000000000000000000000000000000000000000000000000000000000000000000000000000000000000000
