0400354520180508000000000000000000000000000000000000000000000000000000000000000000000000000000000000
521931548           9631                2018043002018050500000064000220180508PC1353   00000000000000
523093459           9627                2018043002018050500000045000220180508PC1929   00000000000000
527408759           9654                2018051302018050600000060000220180508PC8551   00000000000000
528550089           9622                2018043002018050600000045000220180508PC5621   00000000000000
534842095           9635                2018050702018050500000192500220180508PC9035   00000000000000
536860751           9682                2018050702018050700000240000220180508PC3215   00000000000000
538424306           9650                2018050702018050500000192500220180508PC5519   00000000000000
542564970           9686                2018050702018050700000240000220180508PC6575   00000000000000
9400354520180508000000800000000000107900000000000000000000000000000000000000000000000000000000000000
