0400354520180109000000000000000000000000000000000000000000000000000000000000000000000000000000000000
510780448           9014                2018011602018010800000060000220180109PC2442   00000000000000
517346071           8963                2018010202018010800000042500220180109PC0005   00000000000000
524646195           8981                2018010202018010800000042500220180109PC4542   00000000000000
525127944           9007                2018010202018010800000042500220180109PC1044   00000000000000
525250493           8995                2018010202018010800000042500220180109HB5002   00000000000000
525682573           9003                2018010202018010800000032000220180109PC9405   00000000000000
526435057           9006                2018010202018010800000042500220180109PC7503   00000000000000
529974940           9004                2017120102018010800000080000220180109PC3063   00000000000000
531073227           8971                2018010202018010800000042500220180109PC5562   00000000000000
535829009           8996                2018010202018010700000042500220180109PC5050   00000000000000
9400354520180109000001000000000000046950000000000000000000000000000000000000000000000000000000000000
