0400354520170608000000000000000000000000000000000000000000000000000000000000000000000000000000000000
524539800           7183                2017060702017060700000175000220170608PC1282   00000000000000
524539800           7185                2017061802017060700000117000220170608PC4014   00000000000000
534800525           7216                2017060702017060700000140000220170608PC2782   00000000000000
534842095           7286                2017060702017060700000175000220170608PC0112   00000000000000
537040427           7299                2017060702017060700000175000220170608PC1922   00000000000000
538067450           7282                2017060702017060700000175000220170608PC4491   00000000000000
538067668           7246                2017061802017060700000117000220170608PC3533   00000000000000
538150845           7309                2017060702017060700000175000220170608HB1541   00000000000000
538424306           7244                2017060702017060700000175000220170608PC1149   00000000000000
538424306           7245                2017061802017060700000117000220170608PC9231   00000000000000
540537317           7267                2017060702017060700000175000220170608PC1430   00000000000000
540870824           7272                2017060702017060700000175000220170608PC0174   00000000000000
541321276           7253                2017060702017060700000175000220170608PC9382   00000000000000
541321276           7254                2017061802017060700000117000220170608PC1882   00000000000000
9400354520170608000001400000000000218300000000000000000000000000000000000000000000000000000000000000
