0400354520170906000000000000000000000000000000000000000000000000000000000000000000000000000000000000
524539800           8015                2017090702017090500000175000220170906PC5203   00000000000000
524539800           8016                2017093002017090500000123500220170906PC2475   00000000000000
529232659           7998                2017090902017090500000080000220170906PC9927   00000000000000
530284523           8014                2017060302017090500000051000220170906PC3744   00000000000000
531034053           8013                2017090702017090500000175000220170906PC5640   00000000000000
534522338           8039                2017060302017090500000051000220170906PC9527   00000000000000
536687115           8047                2017090702017090500000175000220170906PC2094   00000000000000
538150845           8030                2017093002017090500000123500220170906HB4459   00000000000000
538150845           8031                2017090702017090500000175000220170906HB4574   00000000000000
541321276           8040                2017090702017090500000175000220170906PC4212   00000000000000
9400354520170906000001000000000000130400000000000000000000000000000000000000000000000000000000000000
