0400354520170907000000000000000000000000000000000000000000000000000000000000000000000000000000000000
511266770           8069                2017091502017090600000145000220170907PC3184   00000000000000
524748957           8074                2017091002017090600000080000220170907PC1686   00000000000000
527894458           8071                2017060302017090600000051000220170907PC4834   00000000000000
530226738           8073                2017060302017090600000051000220170907PC4834   00000000000000
534614963           8003                2017091002017090600000080000220170907PC3012   00000000000000
534842095           8044                2017090702017090600000175000220170907PC5969   00000000000000
534842095           8045                2017093002017090600000123500220170907PC8778   00000000000000
538424306           8034                2017090702017090600000175000220170907PC1015   00000000000000
538424306           8035                2017093002017090600000123500220170907PC2394   00000000000000
9400354520170907000000900000000000100400000000000000000000000000000000000000000000000000000000000000
