0400354520171006000000000000000000000000000000000000000000000000000000000000000000000000000000000000
513037200           8315                2017100602017100500000145000220171006PC0836   00000000000000
523980079           8363                2017100702017100500000175000220171006PC4454   00000000000000
524907905           8344                2017100602017100500000145000220171006PC2626   00000000000000
525683496           8330                2017100602017100500000145000220171006PC4425   00000000000000
527708639           8359                2017100602017100500000145000220171006PC8235   00000000000000
534842095           8313                2017100702017100500000175000220171006PC7562   00000000000000
538067450           8316                2017100702017100500000175000220171006PC4843   00000000000000
541321276           8352                2017100702017100500000175000220171006PC0250   00000000000000
9400354520171006000000800000000000128000000000000000000000000000000000000000000000000000000000000000
