0400354520170705000000000000000000000000000000000000000000000000000000000000000000000000000000000000
523249659           7456                2017063002017070400000020000220170705PC1012   00000000000000
523377021           7470                2017070702017070400000175000220170705PC4730   00000000000000
523377021           7476                2017071802017070400000117000220170705PC9301   00000000000000
525713730           7460                2017063002017070400000020000220170705PC0053   00000000000000
525826660           7459                2017063002017070400000020000220170705PC7258   00000000000000
528488430           7457                2017063002017070400000020000220170705PC3134   00000000000000
531034053           7469                2017070702017070400000175000220170705PC0270   00000000000000
538067450           7475                2017070702017070400000175000220170705PC2565   00000000000000
538067668           7503                2017071802017070400000117000220170705PC1643   00000000000000
538067668           7504                2017070702017070400000175000220170705PC3212   00000000000000
538424306           7473                2017070702017070400000175000220170705PC5292   00000000000000
538424306           7474                2017071802017070400000117000220170705PC3432   00000000000000
9400354520170705000001200000000000130600000000000000000000000000000000000000000000000000000000000000
