0400354520170606000000000000000000000000000000000000000000000000000000000000000000000000000000000000
523377021           7191                2017060702017060400000175000220170606PC1540   00000000000000
523377021           7192                2017061802017060400000117000220170606PC0549   00000000000000
526687053           7160                2017053102017060500000035000220170606PC6362   00000000000000
531973860           7172                2017060702017060400000175000220170606PC1311   00000000000000
535599099           7196                2017061202017060400000096500220170606PC1013   00000000000000
536687115           7212                2017060702017060500000175000220170606PC2253   00000000000000
538067668           7140                2017060702017060400000175000220170606PC1493   00000000000000
540242120           7178                2017060702017060500000140000220170606PC0192   00000000000000
9400354520170606000000800000000000108850000000000000000000000000000000000000000000000000000000000000
